4
40
100
4
0.0034642
0.00423403
0.00230947
0.00384911
0.00153965
0.00307929
0.00230947
0.00115473
0.00307929
0.00384911
0.047729
0.0981524
0.0904542
0.0931486
0.0908391
0.0962279
0.0935335
0.100462
0.101617
0.0488838
0.00500385
0.0034642
0.00461894
0.00846805
0.00692841
0.00769823
0.0115473
0.0107775
0.00615858
0.00423403
0.00307929
0.00307929
0.00230947
0.00423403
0.00500385
0.00423403
0.00654349
0.00654349
0.00230947
0.00384911
0.00116144
0.00348432
0.00232288
0.00503291
0.00425861
0.00425861
0.00271003
0.00309717
0.00464576
0.00309717
0.00503291
0.00619435
0.00735579
0.00890437
0.0112273
0.00696864
0.00851723
0.00696864
0.00658149
0.00348432
0.0433604
0.0979481
0.10182
0.0905923
0.0905923
0.0936895
0.104917
0.089818
0.0963995
0.0452962
0.00387147
0.00387147
0.00309717
0.00464576
0.00309717
0.00503291
0.00425861
0.00348432
0.00503291
0.00387147
0.00117096
0.00351288
0.0039032
0.00234192
0.00507416
0.00468384
0.0039032
0.0039032
0.00546448
0.0019516
0.00351288
0.0039032
0.0039032
0.0078064
0.0058548
0.00507416
0.00546448
0.0078064
0.00663544
0.0039032
0.00468384
0.009758
0.0101483
0.00897736
0.00819672
0.00858704
0.0078064
0.00663544
0.0058548
0.0039032
0.049961
0.0928962
0.0932865
0.0901639
0.0862607
0.0905543
0.101874
0.0917252
0.0925059
0.0464481
0.0454016
0.0900272
0.0931315
0.0919674
0.096624
0.0900272
0.097012
0.0880869
0.0908033
0.0438494
0.00620877
0.00737291
0.00931315
0.00620877
0.00388048
0.00737291
0.00892511
0.00853706
0.00620877
0.00426853
0.00271634
0.00504463
0.0097012
0.00892511
0.00659682
0.00698487
0.00853706
0.00543267
0.00737291
0.00349243
0.00271634
0.00388048
0.00504463
0.00465658
0.00310438
0.00349243
0.00232829
0.00620877
0.00465658
0.00388048
0.000996016
0.0707171
0.000996016
0.927291
0.997012
0.000996016
0.000996016
0.000996016
0.000996016
0.977092
0.0209163
0.000996016
0.000996016
0.000996016
0.997012
0.000996016
0.000996016
0.000996016
0.0308765
0.967131
0.997012
0.000996016
0.000996016
0.000996016
0.000996016
0.997012
0.000996016
0.000996016
0.000996016
0.000996016
0.997012
0.000996016
0.000996016
0.000996016
0.000996016
0.997012
0.907371
0.0906375
0.000996016
0.000996016
0.000996016
0.997012
0.000996016
0.000996016
0.000996016
0.000996016
0.997012
0.000996016
0.000996016
0.000996016
0.000996016
0.997012
0.967131
0.000996016
0.0209163
0.0109562
0.000996016
0.997012
0.000996016
0.000996016
0.0209163
0.000996016
0.977092
0.000996016
0.000996016
0.060757
0.000996016
0.937251
0.997012
0.000996016
0.000996016
0.000996016
0.000996016
0.997012
0.000996016
0.000996016
0.000996016
0.000996016
0.987052
0.0109562
0.000996016
0.000996016
0.000996016
0.997012
0.987052
0.000996016
0.000996016
0.0109562
0.000996016
0.997012
0.000996016
0.000996016
0.000996016
0.000996016
0.997012
0.000996016
0.000996016
0.000996016
0.0308765
0.967131
0.937251
0.0209163
0.000996016
0.0408367
0.0109562
0.987052
0.000996016
0.000996016
0.000996016
0.000996016
0.997012
0.000996016
0.000996016
0.0109562
0.000996016
0.987052
0.977092
0.000996016
0.000996016
0.0209163
0.0209163
0.917331
0.0109562
0.0507968
0.110558
0.000996016
0.88745
0.000996016
0.000996016
0.000996016
0.000996016
0.997012
0.997012
0.000996016
0.000996016
0.000996016
0.000996016
0.997012
0.000996016
0.000996016
0.000996016
0.000996016
0.987052
0.0109562
0.000996016
0.0109562
0.000996016
0.987052
0.987052
0.000996016
0.000996016
0.0109562
0.000996016
0.987052
0.0109562
0.000996016
0.000996016
0.000996016
0.997012
0.000996016
0.000996016
0.000996016
0.000996016
0.997012
0.917331
0.000996016
0.000996016
0.0806773
0.000996016
0.997012
0.000996016
0.000996016
0.000996016
0.000996016
0.947211
0.0507968
0.000996016
0.000996016
0.0109562
0.987052
0.997012
0.000996016
0.000996016
0.000996016
0.0109562
0.987052
0.000996016
0.000996016
0.0209163
0.000996016
0.977092
0.000996016
0.0109562
0.000996016
0.000996016
0.987052
0.997012
0.000996016
0.000996016
0.000996016
0.0109562
0.987052
0.000996016
0.000996016
0.000996016
0.000996016
0.997012
0.000996016
0.000996016
0.0408367
0.000996016
0.957171
0.997012
0.000996016
0.000996016
0.000996016
0.000996016
0.997012
0.000996016
0.000996016
0.0408367
0.000996016
0.917331
0.0408367
0.000996016
0.0109562
0.000996016
0.987052
0.947211
0.000996016
0.0308765
0.0209163
0.0408367
0.907371
0.0507968
0.000996016
0.060757
0.000996016
0.937251
0.000996016
0.000996016
0.000996016
0.000996016
0.997012
0.977092
0.000996016
0.0209163
0.000996016
0.000996016
0.997012
0.000996016
0.000996016
0.000996016
0.000996016
0.997012
0.000996016
0.000996016
0.000996016
0.000996016
0.997012
0.997012
0.000996016
0.000996016
0.000996016
0.000996016
0.937251
0.000996016
0.060757
0.0806773
0.000996016
0.917331
0.000996016
0.000996016
0.000996016
0.000996016
0.997012
0.957171
0.0408367
0.000996016
0.000996016
0.000996016
0.997012
0.000996016
0.000996016
0.0209163
0.000996016
0.957171
0.0209163
0.000996016
0.000996016
0.000996016
0.997012
0.987052
0.000996016
0.0109562
0.000996016
0.000996016
0.987052
0.000996016
0.0109562
0.000996016
0.000996016
0.997012
0.000996016
0.000996016
0.000996016
0.000996016
0.997012
0.967131
0.0308765
0.000996016
0.000996016
0.000996016
0.997012
0.000996016
0.000996016
0.000996016
0.000996016
0.987052
0.0109562
0.000996016
0.000996016
0.0308765
0.967131
0.987052
0.000996016
0.0109562
0.000996016
0.000996016
0.987052
0.000996016
0.0109562
0.000996016
0.000996016
0.997012
0.000996016
0.000996016
0.0109562
0.000996016
0.987052
0.997012
0.000996016
0.000996016
0.000996016
0.000996016
0.987052
0.0109562
0.000996016
0.000996016
0.000996016
0.997012
0.000996016
0.000996016
0.000996016
0.000996016
0.997012
0.987052
0.000996016
0.000996016
0.0109562
0.000996016
0.967131
0.0308765
0.000996016
0.000996016
0.0109562
0.987052
0.000996016
0.000996016
0.170319
0.000996016
0.827689
0.997012
0.000996016
0.000996016
0.000996016
0.0806773
0.917331
0.000996016
0.000996016
0.000996016
0.000996016
0.997012
0.000996016
0.0109562
0.000996016
0.000996016
0.987052
0.997012
0.000996016
0.000996016
0.000996016
0.110558
0.88745
0.000996016
0.000996016
0.000996016
0.000996016
0.997012
0.000996016
