4
40
120
4
0.00290886
0.00387847
0.00258565
0.00355527
0.00226244
0.00258565
0.00226244
0.00129282
0.00258565
0.00387847
0.0458953
0.100517
0.0898513
0.0959922
0.0911441
0.0950226
0.0963154
0.102456
0.0963154
0.0478345
0.00484809
0.00355527
0.00420168
0.00840336
0.00711054
0.00872657
0.0116354
0.0100194
0.00711054
0.00387847
0.00258565
0.00323206
0.00258565
0.0051713
0.00452489
0.00484809
0.00581771
0.00646412
0.00258565
0.00355527
0.00097056
0.00420576
0.00291168
0.00420576
0.00355872
0.0048528
0.00226464
0.00291168
0.00420576
0.00291168
0.00517632
0.00582336
0.00873504
0.00873504
0.0103526
0.00679392
0.008088
0.00614688
0.00582336
0.0032352
0.04044
0.097703
0.103526
0.0886445
0.0912326
0.0967324
0.100291
0.0941443
0.097703
0.0469104
0.00388224
0.00388224
0.0032352
0.00517632
0.0032352
0.00452928
0.00452928
0.00452928
0.00452928
0.0032352
0.000977517
0.00293255
0.00423591
0.00293255
0.00488759
0.00423591
0.00391007
0.00325839
0.00488759
0.00228087
0.00358423
0.00391007
0.00423591
0.0074943
0.0058651
0.00521342
0.00521342
0.00782014
0.00684262
0.00358423
0.00391007
0.00944933
0.0114044
0.00814598
0.00814598
0.00814598
0.00782014
0.00782014
0.00553926
0.00456175
0.0495275
0.095145
0.0912349
0.0902574
0.0863473
0.0899316
0.103291
0.0905833
0.0961225
0.0443141
0.047619
0.0887149
0.0913242
0.0903457
0.0962166
0.090998
0.097195
0.0903457
0.0919765
0.043379
0.00554468
0.00717547
0.00945858
0.006197
0.00456621
0.00684932
0.0101109
0.00750163
0.006197
0.00391389
0.00260926
0.00424005
0.00945858
0.00945858
0.00652316
0.00652316
0.00782779
0.006197
0.00782779
0.00424005
0.00228311
0.00424005
0.00587084
0.00456621
0.00326158
0.00326158
0.00260926
0.00587084
0.00424005
0.00326158
0.0199203
0.0896414
0.0199203
0.946215
1.01594
0.0199203
0.0199203
0.0199203
0.0199203
0.996016
0.0398406
0.0199203
0.0199203
0.0199203
1.01594
0.0199203
0.0199203
0.0199203
0.0498008
0.986056
1.01594
0.0199203
0.0199203
0.0199203
0.0199203
1.01594
0.0199203
0.0199203
0.0199203
0.0199203
1.01594
0.0199203
0.0199203
0.0199203
0.0199203
1.01594
0.926295
0.109562
0.0199203
0.0199203
0.0199203
1.01594
0.0199203
0.0199203
0.0199203
0.0199203
1.01594
0.0199203
0.0199203
0.0199203
0.0199203
1.01594
0.986056
0.0199203
0.0398406
0.0298805
0.0199203
1.01594
0.0199203
0.0199203
0.0398406
0.0199203
0.996016
0.0199203
0.0199203
0.0796813
0.0199203
0.956175
1.01594
0.0199203
0.0199203
0.0199203
0.0199203
1.01594
0.0199203
0.0199203
0.0199203
0.0199203
1.00598
0.0298805
0.0199203
0.0199203
0.0199203
1.01594
1.00598
0.0199203
0.0199203
0.0298805
0.0199203
1.01594
0.0199203
0.0199203
0.0199203
0.0199203
1.01594
0.0199203
0.0199203
0.0199203
0.0498008
0.986056
0.956175
0.0398406
0.0199203
0.059761
0.0298805
1.00598
0.0199203
0.0199203
0.0199203
0.0199203
1.01594
0.0199203
0.0199203
0.0298805
0.0199203
1.00598
0.996016
0.0199203
0.0199203
0.0398406
0.0398406
0.936255
0.0298805
0.0697211
0.129482
0.0199203
0.906375
0.0199203
0.0199203
0.0199203
0.0199203
1.01594
1.01594
0.0199203
0.0199203
0.0199203
0.0199203
1.01594
0.0199203
0.0199203
0.0199203
0.0199203
1.00598
0.0298805
0.0199203
0.0298805
0.0199203
1.00598
1.00598
0.0199203
0.0199203
0.0298805
0.0199203
1.00598
0.0298805
0.0199203
0.0199203
0.0199203
1.01594
0.0199203
0.0199203
0.0199203
0.0199203
1.01594
0.936255
0.0199203
0.0199203
0.0996016
0.0199203
1.01594
0.0199203
0.0199203
0.0199203
0.0199203
0.966135
0.0697211
0.0199203
0.0199203
0.0298805
1.00598
1.01594
0.0199203
0.0199203
0.0199203
0.0298805
1.00598
0.0199203
0.0199203
0.0398406
0.0199203
0.996016
0.0199203
0.0298805
0.0199203
0.0199203
1.00598
1.01594
0.0199203
0.0199203
0.0199203
0.0298805
1.00598
0.0199203
0.0199203
0.0199203
0.0199203
1.01594
0.0199203
0.0199203
0.059761
0.0199203
0.976096
1.01594
0.0199203
0.0199203
0.0199203
0.0199203
1.01594
0.0199203
0.0199203
0.059761
0.0199203
0.936255
0.059761
0.0199203
0.0298805
0.0199203
1.00598
0.966135
0.0199203
0.0498008
0.0398406
0.059761
0.926295
0.0697211
0.0199203
0.0796813
0.0199203
0.956175
0.0199203
0.0199203
0.0199203
0.0199203
1.01594
0.996016
0.0199203
0.0398406
0.0199203
0.0199203
1.01594
0.0199203
0.0199203
0.0199203
0.0199203
1.01594
0.0199203
0.0199203
0.0199203
0.0199203
1.01594
1.01594
0.0199203
0.0199203
0.0199203
0.0199203
0.956175
0.0199203
0.0796813
0.0996016
0.0199203
0.936255
0.0199203
0.0199203
0.0199203
0.0199203
1.01594
0.976096
0.059761
0.0199203
0.0199203
0.0199203
1.01594
0.0199203
0.0199203
0.0398406
0.0199203
0.976096
0.0398406
0.0199203
0.0199203
0.0199203
1.01594
1.00598
0.0199203
0.0298805
0.0199203
0.0199203
1.00598
0.0199203
0.0298805
0.0199203
0.0199203
1.01594
0.0199203
0.0199203
0.0199203
0.0199203
1.01594
0.986056
0.0498008
0.0199203
0.0199203
0.0199203
1.01594
0.0199203
0.0199203
0.0199203
0.0199203
1.00598
0.0298805
0.0199203
0.0199203
0.0498008
0.986056
1.00598
0.0199203
0.0298805
0.0199203
0.0199203
1.00598
0.0199203
0.0298805
0.0199203
0.0199203
1.01594
0.0199203
0.0199203
0.0298805
0.0199203
1.00598
1.01594
0.0199203
0.0199203
0.0199203
0.0199203
1.00598
0.0298805
0.0199203
0.0199203
0.0199203
1.01594
0.0199203
0.0199203
0.0199203
0.0199203
1.01594
1.00598
0.0199203
0.0199203
0.0298805
0.0199203
0.986056
0.0498008
0.0199203
0.0199203
0.0298805
1.00598
0.0199203
0.0199203
0.189243
0.0199203
0.846614
1.01594
0.0199203
0.0199203
0.0199203
0.0996016
0.936255
0.0199203
0.0199203
0.0199203
0.0199203
1.01594
0.0199203
0.0298805
0.0199203
0.0199203
1.00598
1.01594
0.0199203
0.0199203
0.0199203
0.129482
0.906375
0.0199203
0.0199203
0.0199203
0.0199203
1.01594
0.0199203
0.0199203
0.0199203
0.0298805
1.00598
0.996016
0.0199203
0.0199203
0.0398406
0.0199203
1.01594
0.0199203
0.0199203
0.0199203
0.0199203
1.01594
0.0199203
0.0796813
0.119522
0.0199203
0.856574
1.00598
0.0298805
0.0199203
0.0199203
0.0896414
0.946215
0.0199203
0.0199203
0.0199203
0.0199203
1.01594
0.0199203
0.0398406
0.0199203
0.0199203
0.996016
0.956175
0.0498008
0.0498008
0.0199203
0.0398406
0.996016
0.0199203
0.0199203
0.0199203
0.0199203
1.01594
0.0199203
0.0199203
0.0199203
0.0398406
0.996016
1.01594
0.0199203
0.0199203
0.0199203
0.0199203
0.946215
0.0298805
0.0796813
0.0199203
0.0199203
1.01594
0.0199203
0.0199203
0.0996016
0.0199203
0.936255
0.896414
0.0398406
0.0199203
0.119522
0.0199203
1.01594
0.0199203
0.0199203
0.0199203
0.0199203
1.01594
0.0199203
